1.000000
0.999943
0.999843
0.999742
0.999641
0.999540
0.999440
0.999339
0.999238
0.999138
0.999037
0.998936
0.998836
0.998735
0.998634
0.998534
0.998433
0.998332
0.998231
0.998131
0.998030
0.997929
0.997829
0.997728
0.997627
0.997527
0.997426
0.997325
0.997224
0.997124
0.997023
0.996922
0.996822
0.996721
0.996620
0.996520
0.996419
0.996318
0.996217
0.996117
0.996016
0.995915
0.995742
0.995613
0.995412
0.995210
0.995009
0.994808
0.994606
0.994405
0.994204
0.994002
0.993801
0.993692
0.993599
0.993398
0.993197
0.992995
0.992794
0.992592
0.992391
0.992190
0.991988
0.991787
0.991585
0.991384
0.991183
0.990981
0.990780
0.990578
0.990377
0.990176
0.989974
0.989773
0.989571
0.989370
0.989169
0.988967
0.988766
0.988564
0.988363
0.988162
0.987960
0.987759
0.987557
0.987356
0.987155
0.986953
0.986752
0.986550
0.986349
0.986148
0.985946
0.985745
0.985543
0.985342
0.985141
0.984939
0.984738
0.984537
0.984335
0.984134
0.983932
0.983731
0.983530
0.983328
0.983127
0.982925
0.982724
0.982523
0.982321
0.982120
0.981918
0.981717
0.981516
0.981314
0.981113
0.980911
0.980710
0.980509
0.980307
0.980106
0.979904
0.979703
0.979502
0.979300
0.979099
0.978897
0.978696
0.978495
0.978293
0.978092
0.977890
0.977689
0.977488
0.977286
0.977085
0.976883
0.976682
0.976481
0.976279
0.976078
0.975877
0.975675
0.975474
0.975272
0.975071
0.974870
0.974668
0.974467
0.974265
0.974064
0.973863
0.973661
0.973460
0.973258
0.793905
0.793703
0.793502
0.793300
0.793099
0.792898
0.792696
0.792495
0.792293
0.792092
0.791891
0.791689
0.791488
0.791286
0.791085
0.790884
0.790682
0.790481
0.790279
0.790078
0.789877
0.789675
0.789474
0.789272
0.789071
0.788870
0.788668
0.788467
0.788265
0.788064
0.787863
0.787661
0.787460
0.787259
0.787057
0.786856
0.786654
0.786453
0.786252
0.786050
0.785849
0.785647
0.785446
0.785245
0.785043
0.784842
0.784640
0.784439
0.784238
0.784036
0.783835
0.783633
0.783432
0.783231
0.783029
0.782828
0.782626
0.782425
0.782224
0.782022
0.781821
0.781619
0.781418
0.781217
0.781015
0.780814
0.780612
0.780411
0.780210
0.780008
0.779807
0.779605
0.779404
0.779203
0.779001
0.778800
0.778599
0.778397
0.778196
0.753424
0.753223
0.753021
0.752820
0.752618
0.752417
0.752216
0.752014
0.751813
0.751611
0.751410
0.751209
0.751007
0.750806
0.750605
0.750403
0.750202
0.750000
0.749799
0.749598
0.749396
0.749195
0.748993
0.748792
0.748591
0.748389
0.748188
0.747986
0.747785
0.747584
0.747382
0.747181
0.746979
0.746778
0.746577
0.746375
0.746174
0.745972
0.745771
0.745570
0.745368
0.745167
0.744965
0.744764
0.744563
0.744361
0.744160
0.743958
0.743757
0.743556
0.743354
0.743153
0.742951
0.742750
0.742549
0.742347
0.742146
0.741945
0.741743
0.741542
0.741340
0.739002
0.738884
0.738683
0.738481
0.738280
0.738078
0.737877
0.737676
0.737474
0.737273
0.737071
0.736870
0.736669
0.736467
0.736266
0.736064
0.735863
0.735662
0.735460
0.735259
0.735057
0.734856
0.734655
0.734453
0.734252
0.734050
0.733849
0.733648
0.733446
0.733245
0.733044
0.732842
0.732641
0.732439
0.732238
0.732037
0.731835
0.731634
0.731432
0.731231
0.731030
0.730828
0.730627
0.730425
0.730224
0.730023
0.729821
0.729620
0.729418
0.729217
0.729016
0.728814
0.728613
0.728411
0.728210
0.728009
0.727807
0.727606
0.727404
0.727203
0.727002
0.726800
0.726599
0.726397
0.726196
0.725995
0.725793
0.725592
0.725390
0.725189
0.724988
0.724786
0.724585
0.724383
0.724182
0.723981
0.723779
0.723578
0.723377
0.723175
0.722974
0.722772
0.722571
0.722370
0.722168
0.721967
0.721765
0.721564
0.721363
0.721161
0.720960
0.720758
0.720557
0.720356
0.720154
0.719953
0.719751
0.719550
0.719349
0.719147
0.718946
0.718744
0.718543
0.718342
0.718140
0.717939
0.717737
0.717536
0.717335
0.717133
0.716932
0.716730
0.716529
0.716328
0.716126
0.715925
0.715723
0.715522
0.715321
0.715119
0.714918
0.714717
0.714515
0.714314
0.714112
0.713911
0.713710
0.713508
0.713307
0.713105
0.712904
0.712703
0.712501
0.712300
0.712098
0.711897
0.711696
0.711494
0.711293
0.711091
0.710890
0.710689
0.710487
0.710286
0.710084
0.709883
0.709682
0.709480
0.709279
0.709077
0.708876
0.708675
0.708473
0.708272
0.708070
0.707869
0.707668
0.707466
0.707265
0.707063
0.706862
0.706661
0.706459
0.706258
0.706057
0.705855
0.705654
0.705452
0.705251
0.705050
0.704848
0.704647
0.704445
0.704244
0.704043
0.703841
0.703640
0.703438
0.703237
0.703036
0.702834
0.702633
0.702431
0.702230
0.702029
0.701827
0.701626
0.701424
0.701223
0.701022
0.700820
0.700619
0.700417
0.700216
0.700015
0.699813
0.699612
0.699410
0.699209
0.699008
0.698806
0.698605
0.698403
0.698202
0.698001
0.697799
0.697598
0.697396
0.697195
0.696994
0.696792
0.696591
0.696390
0.696188
0.695987
0.695785
0.654657
0.654499
0.654298
0.654096
0.653895
0.653694
0.653492
0.653291
0.653089
0.652888
0.652687
0.652485
0.652284
0.652082
0.651881
0.651680
0.651478
0.651277
0.651076
0.650874
0.650673
0.650471
0.650270
0.650069
0.649867
0.649666
0.649464
0.649263
0.532655
0.532454
0.532252
0.532051
0.531849
0.531648
0.531447
0.531245
0.531044
0.530842
0.530641
0.530440
0.530238
0.530037
0.529835
0.529634
0.529433
0.529231
0.529030
0.528828
0.528627
0.528426
0.528224
0.528023
0.527821
0.527620
0.527419
0.527217
0.527016
0.526814
0.526613
0.526412
0.526210
0.526009
0.525807
0.525606
0.525405
0.525203
0.525002
0.524801
0.524599
0.524398
0.524196
0.523995
0.523794
0.523592
0.523391
0.523189
0.509080
0.508890
0.508689
0.508487
0.508286
0.508085
0.507883
0.507682
0.507481
0.507279
0.507078
0.506876
0.506675
0.506474
0.506272
0.506071
0.505869
0.505668
0.505467
0.505265
0.505064
0.504862
0.504661
0.504460
0.504258
0.504057
0.503855
0.503654
0.503453
0.503251
0.503050
0.502848
0.502647
0.502446
0.502244
0.502043
0.501841
0.501640
0.501439
0.501237
0.501036
0.500834
0.500633
0.500432
0.500230
0.500029
0.499827
0.499626
0.499425
0.499223
0.499022
0.498820
0.498619
0.498418
0.498216
0.498015
0.497814
0.497612
0.497411
0.497209
0.497008
0.496807
0.496605
0.496404
0.496202
0.496001
0.495800
0.495598
0.495397
0.495195
0.494994
0.494793
0.494591
0.494390
0.494188
0.493987
0.493786
0.493584
0.493383
0.493181
0.492980
0.492779
0.492577
0.492376
0.492174
0.491973
0.491772
0.491570
0.491369
0.491167
0.490966
0.490765
0.490563
0.490362
0.490160
0.489959
0.489758
0.489556
0.489355
0.489154
0.488952
0.488751
0.488549
0.488348
0.488147
0.487945
0.487744
0.487542
0.487341
0.487140
0.486938
0.486737
0.486535
0.486334
0.486133
0.485931
0.485730
0.485528
0.485327
0.485126
0.484924
0.484723
0.484521
0.484320
0.484119
0.483917
0.483716
0.483514
0.483313
0.483112
0.482910
0.482709
0.482529
0.482422
0.482221
0.482019
0.481818
0.481617
0.481415
0.481214
0.481012
0.480811
0.480610
0.480408
0.480207
0.480005
0.479804
0.479603
0.479401
0.479200
0.478998
0.478797
0.478596
0.478394
0.478193
0.477991
0.477790
0.477589
0.477387
0.477186
0.476985
0.476783
0.476582
0.476380
0.476179
0.475978
0.475776
0.475575
0.475373
0.475172
0.474971
0.474769
0.474568
0.474366
0.474165
0.473964
0.473762
0.473561
0.473359
0.473158
0.472957
0.472755
0.472554
0.472352
0.472151
0.471950
0.471748
0.471547
0.471345
0.471144
0.470943
0.470741
0.470540
0.465983
0.465908
0.465706
0.465505
0.465304
0.465102
0.464901
0.464699
0.464498
0.464297
0.464095
0.463894
0.463692
0.463491
0.463290
0.463088
0.462887
0.462685
0.462484
0.462283
0.462081
0.461880
0.461678
0.461477
0.461276
0.461074
0.460873
0.460671
0.460470
0.460269
0.460067
0.459866
0.459665
0.459463
0.459262
0.459060
0.458859
0.458658
0.458456
0.458255
0.458053
0.457852
0.457651
0.457449
0.457248
0.457046
0.456845
0.456644
0.456442
0.456241
0.456039
0.455838
0.455637
0.455435
0.455234
0.455032
0.454831
0.454630
0.454428
0.454227
0.454025
0.453824
0.453623
0.453421
0.453220
0.453018
0.452817
0.452616
0.452414
0.452213
0.452011
0.451810
0.451609
0.451407
0.451206
0.451004
0.450803
0.450602
0.450400
0.450199
0.449998
0.449796
0.449595
0.449393
0.449192
0.448991
0.448789
0.448588
0.448386
0.448185
0.447984
0.447782
0.447581
0.447379
0.447178
0.446977
0.446775
0.446574
0.446372
0.446171
0.445970
0.445768
0.445567
0.445365
0.445164
0.444963
0.444761
0.444560
0.444358
0.444157
0.443956
0.443754
0.334269
0.334068
0.333866
0.333665
0.333464
0.333262
0.333061
0.332859
0.332658
0.332457
0.332255
0.332054
0.331853
0.331651
0.331450
0.331248
0.331047
0.330846
0.330644
0.330443
0.330241
0.330040
0.329839
0.329637
0.329436
0.329234
0.329033
0.328832
0.328630
0.328429
0.328227
0.328026
0.327825
0.327623
0.327422
0.327220
0.327019
0.326818
0.326013
0.325881
0.325680
0.325479
0.325277
0.325076
0.324874
0.324673
0.324472
0.324270
0.324069
0.323868
0.323666
0.323465
0.323263
0.323062
0.322861
0.322659
0.322458
0.322256
0.322055
0.321854
0.321652
0.321451
0.321249
0.321048
0.320847
0.320645
0.320444
0.320242
0.320041
0.319840
0.319638
0.319437
0.319235
0.319034
0.318833
0.318631
0.318430
0.318228
0.318027
0.317826
0.317624
0.317423
0.317221
0.317020
0.316819
0.316617
0.316416
0.316214
0.316013
0.315812
0.315610
0.315409
0.315208
0.315006
0.314805
0.314603
0.314402
0.314201
0.313999
0.313798
0.313596
0.313395
0.313194
0.312992
0.312791
0.312589
0.312388
0.312187
0.311985
0.311784
0.311582
0.311381
0.311180
0.310978
0.310777
0.310575
0.310374
0.310173
0.309971
0.309770
0.309568
0.309367
0.309166
0.308964
0.308763
0.308561
0.308360
0.308159
0.307957
0.307756
0.307554
0.307353
0.307152
0.306950
0.306749
0.306548
0.306346
0.306145
0.305943
0.305742
0.305541
0.305339
0.305138
0.304936
0.304735
0.304534
0.304332
0.304131
0.303929
0.303728
0.303527
0.303325
0.303124
0.302922
0.302721
0.302520
0.302318
0.302117
0.301915
0.301714
0.301513
0.301311
0.301110
0.300908
0.300707
0.300506
0.300304
0.300103
0.299901
0.299700
0.299499
0.299297
0.299096
0.298894
0.298693
0.298492
0.298290
0.298089
0.297887
0.297686
0.297485
0.297283
0.297082
0.296881
0.296679
0.296478
0.296276
0.296075
0.295874
0.295672
0.295471
0.295269
0.295068
0.294867
0.294665
0.294464
0.294262
0.294061
0.293860
0.293658
0.293457
0.293255
0.293054
0.292853
0.292651
0.292450
0.292248
0.292047
0.291846
0.291644
0.291443
0.291241
0.291040
0.290839
0.290637
0.290436
0.290234
0.290033
0.289832
0.289630
0.289429
0.289227
0.289026
0.288825
0.288623
0.288422
0.288221
0.288019
0.287818
0.287616
0.287415
0.287214
0.287012
0.286811
0.286609
0.286408
0.286207
0.286005
0.285804
0.285602
0.285401
0.285200
0.284998
0.284797
0.284595
0.284394
0.284193
0.283991
0.283790
0.283588
0.283387
0.283186
0.282984
0.282783
0.282581
0.282380
0.282179
0.281977
0.281776
0.281574
0.281373
0.281172
0.280970
0.280769
0.280567
0.280366
0.280165
0.279963
0.279762
0.279561
0.279359
0.279158
0.278956
0.278755
0.278554
0.278352
0.278151
0.277949
0.277748
0.277547
0.277345
0.277144
0.276942
0.276741
0.276540
0.276338
0.276137
0.275935
0.275734
0.275533
0.275331
0.275130
0.274928
0.274727
0.274526
0.274324
0.274123
0.273921
0.273720
0.273519
0.273317
0.273116
0.272914
0.272713
0.272512
0.272310
0.272109
0.271907
0.271706
0.271505
0.271303
0.271102
0.270900
0.270699
0.270498
0.270296
0.270095
0.269894
0.269692
0.269491
0.269289
0.269088
0.268887
0.268685
0.268484
0.268282
0.268081
0.267880
0.267678
0.267477
0.267275
0.267074
0.266873
0.266671
0.266470
0.266268
0.266067
0.265866
0.265664
0.265463
0.265261
0.265060
0.264859
0.248139
0.248068
0.247866
0.247665
0.247463
0.247262
0.247061
0.246859
0.246658
0.246456
0.246255
0.246054
0.245852
0.245651
0.245449
0.245248
0.245047
0.244845
0.244644
0.244442
0.244241
0.244040
0.243838
0.243637
0.243436
0.243234
0.243033
0.242831
0.242630
0.242429
0.242227
0.242026
0.241824
0.241623
0.241422
0.241220
0.241019
0.240817
0.240616
0.240415
0.240213
0.240012
0.239810
0.239609
0.239408
0.239206
0.239005
0.238803
0.238602
0.238401
0.238199
0.237998
0.237796
0.237595
0.237394
0.237192
0.236991
0.236789
0.236588
0.236387
0.236185
0.235984
0.235782
0.235581
0.235380
0.235178
0.234977
0.234776
0.234574
0.234373
0.234171
0.233970
0.233769
0.233567
0.233366
0.233164
0.232963
0.232762
0.232560
0.232359
0.232157
0.231956
0.231755
0.231553
0.231352
0.231150
0.230949
0.230748
0.230546
0.230345
0.230143
0.229942
0.229741
0.229539
0.229338
0.229136
0.228935
0.228734
0.228532
0.228331
0.228129
0.227928
0.227727
0.227525
0.227324
0.227122
0.226921
0.226720
0.226518
0.226317
0.226115
0.225914
0.225713
0.225511
0.225310
0.225109
0.224907
0.224706
0.224504
0.224303
0.224102
0.223900
0.223699
0.223497
0.223296
0.223095
0.222893
0.222692
0.222490
0.222289
0.222088
0.221886
0.221685
0.221483
0.221282
0.221081
0.220879
0.220678
0.220476
0.220275
0.220074
0.219872
0.219671
0.219469
0.219268
0.219067
0.218865
0.218664
0.218462
0.218261
0.218060
0.217858
0.217657
0.217455
0.217254
0.217053
0.216851
0.216650
0.216449
0.216247
0.216046
0.215844
0.215643
0.215442
0.215240
0.215039
0.214837
0.214636
0.214435
0.214233
0.214032
0.213830
0.213629
0.213428
0.213226
0.213025
0.212823
0.212622
0.212421
0.212219
0.212018
0.211816
0.211615
0.211414
0.211212
0.211011
0.210809
0.210608
0.210407
0.210205
0.210004
0.209802
0.209601
0.209400
0.209198
0.208997
0.208795
0.208594
0.208393
0.191603
0.191475
0.191274
0.189224
0.189187
0.188986
0.188784
0.188583
0.188382
0.188180
0.187979
0.187778
0.187576
0.187375
0.187173
0.186972
0.186771
0.186569
0.186368
0.186166
0.185965
0.185764
0.185562
0.185361
0.185159
0.184958
0.184757
0.184555
0.184354
0.184152
0.183951
0.183750
0.183548
0.183347
0.183145
0.182944
0.182743
0.182541
0.182340
0.182138
0.181937
0.181736
0.181534
0.181333
0.181131
0.180930
0.180729
0.180527
0.180326
0.180124
0.179923
0.179722
0.179520
0.179319
0.179117
0.178916
0.178715
0.178513
0.178312
0.178111
0.177909
0.177708
0.177506
0.177305
0.177104
0.176902
0.176701
0.176499
0.176298
0.176097
0.175895
0.175694
0.159291
0.159221
0.159120
0.159020
0.158919
0.158818
0.158717
0.158617
0.158516
0.158415
0.158315
0.158214
0.158113
0.158013
0.157912
0.157811
0.157710
0.157610
0.157509
0.157408
0.157308
0.157207
0.157106
0.157006
0.156905
0.156804
0.156704
0.156603
0.156502
0.156401
0.156301
0.156200
0.156099
0.155999
0.155898
0.155797
0.155697
0.155596
0.155495
0.155394
0.155294
0.155193
0.155092
0.154992
0.154891
0.154790
0.154690
0.154589
0.154488
0.154387
0.154287
0.154186
0.154085
0.153985
0.153884
0.153783
0.153683
0.153582
0.153481
0.153380
0.153280
0.153179
0.153078
0.152978
0.152877
0.152776
0.152676
0.152575
0.152474
0.152374
0.152273
0.152172
0.152071
0.151971
0.151870
0.151769
0.151669
0.151568
0.151467
0.151367
0.151266
0.151165
0.151064
0.150964
0.150863
0.150762
0.150662
0.150561
0.150460
0.150360
0.150259
0.150158
0.150057
0.149957
0.149856
0.149755
0.149655
0.149554
0.149453
0.149353
0.149252
0.149151
0.149050
0.148950
0.148849
0.148748
0.148648
0.144997
0.144922
0.144720
0.144519
0.144318
0.144116
0.143915
0.143714
0.143512
0.143311
0.143109
0.142908
0.142707
0.142505
0.142304
0.142102
0.141901
0.141700
0.141498
0.141297
0.141095
0.140894
0.140693
0.140491
0.140290
0.140088
0.139887
0.139686
0.139484
0.139283
0.139081
0.138880
0.138679
0.138477
0.138276
0.138074
0.137873
0.137672
0.137470
0.137269
0.137067
0.136866
0.136665
0.136463
0.136262
0.136060
0.135859
0.135658
0.135456
0.135255
0.135053
0.134852
0.134651
0.131926
0.131740
0.131538
0.131337
0.131135
0.130934
0.130733
0.130531
0.130330
0.130128
0.129927
0.129726
0.129524
0.129323
0.129121
0.128920
0.128719
0.128517
0.126503
0.126302
0.126100
0.125899
0.124443
0.124321
0.124120
0.123919
0.123717
0.123516
0.123314
0.123113
0.122912
0.122710
0.122509
0.122308
0.122106
0.121905
0.121703
0.121502
0.121301
0.121099
0.120898
0.120696
0.120495
0.120294
0.120092
0.119891
0.119689
0.119488
0.119287
0.119085
0.118884
0.118682
0.118481
0.118280
0.118078
0.117877
0.117675
0.117474
0.117273
0.117071
0.116870
0.116668
0.116467
0.116266
0.116064
0.115863
0.115661
0.115460
0.115259
0.115057
0.114856
0.114654
0.114453
0.114252
0.114050
0.113849
0.113648
0.113446
0.113245
0.113043
0.112842
0.112641
0.112439
0.112238
0.112036
0.111835
0.111634
0.111432
0.111231
0.111029
0.110828
0.110627
0.110425
0.110224
0.110022
0.109821
0.109620
0.109418
0.109217
0.109015
0.108814
0.108613
0.108411
0.108210
0.108008
0.107807
0.107606
0.107404
0.107203
0.107001
0.106800
0.106599
0.106397
0.106196
0.105994
0.105793
0.105592
0.105390
0.105189
0.104987
0.104786
0.104585
0.104383
0.104182
0.103981
0.103779
0.103578
0.103376
0.103175
0.102974
0.102772
0.102571
0.102369
0.102168
0.101967
0.101765
0.101564
0.101362
0.101161
0.100960
0.100758
0.100557
0.100355
0.100154
0.099953
0.099751
0.099550
0.099348
0.099147
0.098946
0.098744
0.098543
0.098341
0.098140
0.097939
0.097737
0.097536
0.097334
0.097133
0.096932
0.096730
0.096529
0.096327
0.096126
0.095925
0.095723
0.095522
0.095321
0.095119
0.094918
0.094716
0.094515
0.094314
0.094112
0.093911
0.093709
0.093508
0.093307
0.093105
0.092904
0.092702
0.092501
0.092300
0.092098
0.091897
0.091695
0.091494
0.091293
0.091091
0.087506
0.087466
0.087265
0.087063
0.086862
0.086660
0.086459
0.086258
0.086056
0.085855
0.085654
0.085452
0.085251
0.085049
0.084848
0.084647
0.084445
0.084244
0.084042
0.083841
0.083640
0.083438
0.083237
0.083035
0.082834
0.082633
0.082431
0.082230
0.082028
0.081827
0.081626
0.081424
0.081223
0.081021
0.080820
0.080619
0.080417
0.080216
0.080014
0.079813
0.079612
0.079410
0.079209
0.079007
0.078806
0.078605
0.078403
0.078202
0.078000
0.077799
0.077598
0.077396
0.077195
0.076994
0.076792
0.076591
0.076389
0.076188
0.075987
0.075785
0.075584
0.075382
0.075181
0.074980
0.074778
0.074577
0.074375
0.074174
0.073973
0.073771
0.073570
0.073368
0.073167
0.072966
0.072764
0.072563
0.072361
0.072160
0.071959
0.071757
0.071556
0.071354
0.071153
0.070952
0.070750
0.070549
0.070347
0.070146
0.069945
0.069743
0.069542
0.069340
0.069139
0.068938
0.068736
0.068535
0.068334
0.068132
0.067931
0.067729
0.067528
0.067327
0.067125
0.066924
0.066722
0.066521
0.066320
0.066118
0.065917
0.065715
0.065514
0.065313
0.062407
0.062403
0.062202
0.062000
0.061799
0.061597
0.061396
0.061195
0.060993
0.060792
0.060591
0.060389
0.060188
0.059986
0.059785
0.059584
0.059382
0.059181
0.058979
0.058778
0.058577
0.058375
0.058174
0.057972
0.057771
0.057570
0.057368
0.057167
0.056965
0.056764
0.056563
0.056361
0.056160
0.055958
0.055757
0.055556
0.055354
0.055153
0.054951
0.054750
0.054549
0.054347
0.054146
0.053944
0.053743
0.053542
0.053340
0.053139
0.052937
0.052736
0.052535
0.052333
0.052132
0.051931
0.051729
0.051528
0.051326
0.051125
0.050924
0.050722
0.050521
0.050319
0.050118
0.049917
0.049715
0.049514
0.049312
0.049111
0.047903
0.047701
0.047500
0.047298
0.047097
0.046896
0.046694
0.046493
0.046291
0.045464
0.045284
0.045083
0.044882
0.044680
0.044479
0.042011
0.041939
0.041737
0.041536
0.041334
0.041133
0.040932
0.040730
0.040529
0.040327
0.040126
0.039925
0.039723
0.039522
0.039320
0.039119
0.038918
0.038716
0.038515
0.038313
0.038112
0.037911
0.037709
0.037508
0.037307
0.037105
0.036904
0.036702
0.036501
0.036300
0.036098
0.035897
0.035695
0.035494
0.035293
0.035091
0.034890
0.034688
0.034487
0.034286
0.034084
0.033883
0.033681
0.033480
0.033279
0.033077
0.032876
0.032674
0.032473
0.032272
0.032070
0.031869
0.031667
0.031466
0.031265
0.031063
0.030862
0.030660
0.030459
0.030258
0.030056
0.029855
0.029653
0.029452
0.029251
0.029049
0.028848
0.028647
0.015556
0.015354
0.015153
0.014952
0.014750
0.014549
0.014347
0.014146
0.013945
0.013743
0.013542
0.013340
0.013139
0.012938
0.012736
0.012535
0.012333
0.012132
0.011931
0.011729
0.011528
0.011326
0.011125
0.010924
0.010722
0.010521
0.010320
0.010118
0.009917
0.009715
0.009514
0.009313
0.009111
0.000535
0.000403
0.000201
0.000000
